899087953846206465
899069430176546816
899009021331488768
898993918834028544
898918407445372928
898888203100442629
898873100959219712
898857998868553728
898812692625895425
898782488453038085
898767386152763392
898752284296916992
898737181761703945
898722079280832512
898706977601277958
898691875569152001
898661671018708992
898646568529743873
898631466170568706
898601261687349248
898586159449874432
898571056994299904
898540852720676865
898525750088871936
898510647864037376
898480443108065281
898420033394622464
898404931194863617
898389828944908289
898374726804017153
898329420364095489
898314318185349120
898283965395615746
898283707685056512
898264261071314944
898249158183792640
898234056311263233
898218954082189313
898203852020867073
898188749863100416
898173647948574720
898158545631420416
898128341361979393
898113218375274496
898098116200673280
898067911683735552
898052809836417024
898037707905126400
898022605889908736
897992401452761088
897977299231965184
897962197384667136
897947094987788288
897916890269585408
897901788187156480
897886686121783296
897826276815376384
897780970069340160
897705459431419904
897690357051396097
897675255006801920
897614846220533760
897592382614642688
897572551760781314
897564999383756806
897527216183136256
897519663822884864
897512110992838658
897504558544429056
897489452959924227
897481900713021442
897462008517468162
897459489191972866
897456969782571008
897451931072831488
897446892052807681
897441852844122112
897431775236022273
897429256166412288
897426736656392192
897424217494433792
897421698210959360
897419178969354240
897414140368744448
897411621445914625
897409102527254528
897406583172464640
897401543691046913
897388948397404160
897386429369724928
897371314733948929
897368795655942146
897366276242321408
897361238065336321
899054328035635201
899024123388510208
897358718576283648
897356199729012736
897348642566275072
897346123215646720
897341084602433536
897318391479980032
897338565151129601
897331007971610624
897328489031970816
897323430458138624
897328489031970816
897303277053906945
897285643373617152
897283123804872705
899265850179559425
899250747883343872
899235645444509696
899220543437770752
897320911405289473
897315872402026497
897310834334060545
898274219003330562
897750766005481472
897542321302056960
897454450742308864
897381391205322753
897363757097263105
897343603453956097
899311156803850240

899326258923937792
899341361064947712
